
1.jpg 2350,26,1715,48,4 2453,36,1394,34,2 1897,22,1127,36,2 2820,39,2204,39,2 2860,26,1255,35,2 2536,33,977,58,2 2589,39,1192,40,2 2591,38,1713,36,2 1580,27,594,49,3 1671,39,673,29,2 1673,40,732,31,2 
10.jpg 871,47,685,53,3 594,94,1295,73,4 663,67,1320,35,2 592,89,1089,48,3 439,35,678,61,2 605,45,856,51,3 495,57,806,138,3 666,50,861,55,3 473,62,1287,95,2 636,72,1191,55,4 808,38,560,82,2 483,80,960,81,3 642,55,1515,79,3 251,68,1734,66,4 205,47,1218,100,2 213,31,1799,90,4 961,57,278,98,4 919,35,346,125,4 1030,72,1184,52,4 836,64,2010,77,2 1482,39,1101,119,4 475,49,591,76,4 1611,92,1211,59,2 912,69,613,79,2 
11.jpg 1146,84,1385,165,3 1155,82,1314,137,3 1191,100,1444,106,3 1117,102,1436,88,3 1064,111,1320,92,3 1138,46,785,104,4 1060,87,720,133,3 1184,94,1231,69,3 1293,75,1407,81,3 1172,54,731,62,2 1285,77,693,51,2 2191,49,1596,81,4 1562,82,1084,53,2 2234,78,1588,72,2 2197,33,1563,95,2 2507,34,1015,76,2 1964,71,1084,75,2 2048,59,1437,65,2 2289,62,1619,47,2 3059,43,1619,78,2 
12.jpg 3066,41,1618,70,2 3415,68,1278,49,2 2505,36,1014,73,2 2679,68,1642,45,2 2408,55,1497,63,2 2231,76,1585,78,2 2285,63,1621,46,2 2196,53,1595,76,4 2199,42,1554,89,2 2046,55,1442,65,2 1964,71,1088,72,2 1102,63,1393,88,3 1132,108,1383,178,3 1162,83,1313,137,3 1124,64,1474,95,3 1192,89,1445,85,3 1120,67,1436,85,3 1063,110,1323,97,3 1292,76,1413,79,3 1564,88,1079,62,2 1136,47,784,106,4 1174,45,734,60,2 1287,75,694,46,2 1061,82,729,133,3 1181,79,1238,66,3 685,60,892,63,2 546,63,924,48,2 598,74,1684,40,2 706,63,2068,49,2 
13.jpg 2505,39,1014,77,2 1965,65,1089,75,2 2047,59,1440,63,2 1066,79,732,140,3 1144,54,777,103,4 1173,45,734,65,2 1286,83,693,48,2 548,68,921,51,2 686,57,887,71,2 1183,105,1425,127,3 1142,64,1381,163,3 1184,82,1331,126,3 1104,118,1262,127,3 1058,111,1323,101,3 1148,122,1157,152,3 1098,99,1100,136,3 1035,110,1138,79,3 1209,86,1255,110,3 1118,90,1228,75,3 1125,80,1433,82,3 1295,78,1410,77,3 1569,84,1080,54,2 985,82,1163,55,2 598,67,1687,42,2 710,65,2068,45,2 2405,66,1496,65,2 2678,68,1643,54,2 3065,43,1624,79,2 3419,80,1272,51,2 
14.jpg 2233,77,1589,70,2 2187,45,1596,89,4 2287,63,1623,46,2 2193,41,1559,101,2 3421,67,1278,48,2 2505,39,1014,77,2 1965,65,1089,75,2 2047,59,1440,63,2 1066,79,732,140,3 1144,54,777,103,4 1173,45,734,65,2 1286,83,693,48,2 548,68,921,51,2 1183,105,1425,127,3 1142,64,1381,163,3 1184,82,1331,126,3 1104,118,1262,127,3 1058,111,1323,101,3 1148,122,1157,152,3 1098,99,1100,136,3 1035,110,1138,79,3 1209,86,1255,110,3 1118,90,1228,75,3 1125,80,1433,82,3 1295,78,1410,77,3 1569,84,1080,54,2 985,82,1163,55,2 598,67,1687,42,2 710,65,2068,45,2 2405,66,1496,65,2 2678,68,1643,54,2 3065,43,1624,79,2 986,81,1159,60,2 547,78,983,48,2 682,54,894,66,2 359,99,845,129,3 464,98,846,103,3 454,85,784,89,3 478,69,892,115,3 378,80,919,132,3 395,60,796,73,3 309,112,825,109,3 
2.jpg 2678,50,1312,43,3 2778,62,1204,56,2 2540,64,922,51,2 2173,52,1245,96,3 2441,95,1027,53,3 2426,44,1131,45,3 2036,43,968,57,2 1966,88,927,41,2 2271,87,1074,68,3 2103,48,1293,69,4 1964,69,1192,75,2 1968,46,1316,109,4 1992,45,1362,70,2 1177,69,1409,77,2 
3.jpg 2815,38,1294,108,4 2744,51,1153,63,4 1844,70,1465,85,4 2678,50,1312,43,3 2778,62,1204,56,2 2540,64,922,51,2 2173,52,1245,96,3 2441,95,1027,53,3 2426,44,1131,45,3 2036,43,968,57,2 1966,88,927,41,2 2271,87,1074,68,3 2103,48,1293,69,4 1964,69,1192,75,2 1968,46,1316,109,4 1992,45,1362,70,2 1177,69,1409,77,2 
4.jpg 1723,72,1333,90,2 1137,74,1159,74,2 2743,49,931,65,4 3038,34,1295,99,4 2678,50,1312,43,3 2778,62,1204,56,2 2540,64,922,51,2 2173,52,1245,96,3 2441,95,1027,53,3 2426,44,1131,45,3 2036,43,968,57,2 1966,88,927,41,2 2271,87,1074,68,3 2103,48,1293,69,4 1964,69,1192,75,2 1968,46,1316,109,4 1992,45,1362,70,2 
5.jpg 2593,50,608,67,4 3035,31,1299,103,4 2685,44,1096,67,3 2113,61,935,76,2 1724,74,1331,84,4 1138,70,1159,77,2 2678,50,1312,43,3 2778,62,1204,56,2 2540,64,922,51,2 2173,52,1245,96,3 2441,95,1027,53,3 2426,44,1131,45,3 2036,43,968,57,2 1966,88,927,41,2 2271,87,1074,68,3 2103,48,1293,69,4 1964,69,1192,75,2 1968,46,1316,109,4 1992,45,1362,70,2 
6.jpg 211,49,1213,88,2 477,62,1285,84,2 597,94,1297,70,4 659,72,1315,43,2 636,75,1185,50,4 967,26,1160,79,4 1005,59,1100,48,4 902,33,1110,103,4 968,55,1177,94,4 1034,64,1190,46,4 496,73,965,68,3 440,37,677,67,2 506,49,805,104,3 602,43,858,54,3 875,31,705,35,3 810,36,560,71,2 1012,48,304,67,4 
7.jpg 226,30,1794,73,4 263,66,1737,48,4 225,59,1815,95,4 211,49,1213,88,2 477,62,1285,84,2 597,94,1297,70,4 659,72,1315,43,2 636,75,1185,50,4 902,43,1110,103,4 1034,64,1190,46,4 496,73,965,68,3 440,37,677,67,2 506,49,805,104,3 602,43,858,54,3 875,31,705,35,3 810,36,560,71,2 1012,48,304,67,4 
8.jpg 1494,36,1106,107,4 593,92,1086,42,3 228,31,1795,72,4 260,59,1739,49,4 225,56,1817,92,4 211,49,1213,88,2 477,62,1285,84,2 597,94,1297,70,4 659,72,1315,43,2 636,75,1185,50,4 1034,64,1190,46,4 496,73,965,68,3 440,37,677,67,2 506,49,805,104,3 602,43,858,54,3 875,31,705,35,3 810,36,560,71,2 1012,48,304,67,4 
9.jpg 964,61,275,91,4 931,37,346,103,4 477,52,622,66,4 836,69,2009,67,2 653,44,1522,63,3 916,69,608,72,2 1610,88,1212,54,2 1494,36,1106,107,4 593,92,1086,42,3 228,31,1795,72,4 260,59,1739,49,4 211,49,1213,88,2 477,62,1285,84,2 597,94,1297,70,4 659,72,1315,43,2 636,75,1185,50,4 1034,64,1190,46,4 496,73,965,68,3 440,37,677,67,2 506,49,805,104,3 602,43,858,54,3 875,31,705,35,3 810,36,560,71,2 
DJI_0199.psd 1584,26,594,42,3 2348,28,1716,49,4 1674,41,673,28,2 1175,29,764,33,3 2861,23,1255,55,2 2376,41,980,29,2 2538,36,975,58,2 2590,38,1193,39,2 2455,37,1395,32,2 2817,42,2201,44,2 2590,37,1711,40,2 2773,27,1831,63,2 
DJI_0258.psd 2411,50,1187,83,3 1972,43,1317,102,4 1987,34,1367,78,2 1961,64,1194,78,2 2037,37,975,61,2 2107,49,1294,64,4 2180,47,1244,71,3 2440,99,1024,51,3 2423,43,1131,46,3 1964,86,929,42,2 2270,87,1073,66,3 2113,60,937,73,2 2539,59,927,49,2 2687,45,1097,66,3 2782,60,1206,50,2 2671,46,1313,54,3 3038,36,1297,100,4 2591,53,607,67,4 1726,74,1333,80,4 1135,67,1160,76,2 
DJI_0260.psd 503,48,805,113,3 961,52,279,97,4 930,40,343,108,4 869,33,705,40,3 916,69,609,78,2 811,38,560,68,2 480,55,590,64,4 439,33,678,68,2 606,43,855,47,3 488,84,959,79,3 652,65,1318,54,2 638,72,1187,45,4 475,63,1286,88,2 597,90,1299,75,4 207,51,1214,94,2 255,66,1738,55,4 219,30,1798,79,4 647,46,1520,68,3 834,70,2009,76,2 1031,67,1186,49,4 1496,37,1101,101,4 1608,85,1215,56,2 Annotations: 351