
DJI_0141.JPG 2854,137,478,118,3 2877,76,690,54,4 2909,74,645,47,4 2876,62,617,25,4 2975,59,525,40,4 1153,20,2055,21,3 1709,44,1193,45,2 1748,60,1116,55,4 1628,37,1149,39,3 1582,63,1184,45,4 
DJI_0148.JPG 2468,31,1346,51,2 2523,49,1270,21,2 2480,77,1378,33,4 2453,27,1285,76,4 
DJI_0178.JPG 1565,30,1548,29,3 3789,87,2025,75,3 3655,73,1696,74,3 1913,48,1030,51,3 1859,43,1039,50,3 1830,49,985,62,3 1784,39,1007,59,3 1861,90,1071,87,3 1777,92,1038,82,3 1730,58,872,58,3 575,164,801,181,3 
DJI_0179.JPG 2411,44,961,51,3 2355,40,967,54,3 2353,90,1000,97,3 2335,51,915,54,3 2284,44,935,53,3 2277,94,967,81,3 2237,46,808,47,3 2074,29,1468,32,3 1118,159,739,186,3 
DJI_0180.JPG 455,46,791,60,3 433,47,738,62,3 380,45,755,63,3 336,47,630,52,3 388,94,785,75,3 521,45,786,54,3 465,98,819,79,3 162,27,1296,43,3 1898,155,1563,157,3 
DJI_0181.JPG 3465,75,188,84,4 2484,52,1628,125,4 2229,86,1385,99,3 2186,61,1307,102,4 2152,65,1355,38,2 2208,45,1269,78,2 2897,67,798,34,2 2541,44,627,59,3 2400,49,553,88,4 2085,43,923,31,3 2051,89,1022,69,3 2021,114,961,57,4 1291,78,997,79,3 1356,97,973,42,4 1301,92,920,58,4 1332,83,864,43,4 1408,69,902,82,4 
DJI_0182.JPG 2687,54,1780,123,4 2203,116,1088,59,4 2234,89,1156,76,3 2270,48,1045,29,3 2521,44,980,50,3 2424,89,1528,100,3 2339,69,1497,40,2 2379,61,1448,107,4 2410,48,1434,74,2 2385,39,1402,69,2 2549,86,1228,85,4 2263,93,1434,31,4 1447,79,1128,78,3 1518,105,1103,44,4 1454,94,1050,67,4 1493,83,994,41,4 1572,69,1031,84,4 
DJI_0183.JPG 2160,155,1459,163,3 2141,61,1651,64,4 422,32,1187,40,3 717,40,676,55,3 690,54,616,67,3 778,48,667,56,3 721,99,704,89,3 638,100,670,87,3 636,42,641,70,3 592,51,507,52,3 
DJI_0184.JPG 3628,27,286,37,3 2678,50,1118,61,3 2718,109,1061,91,3 2605,71,1030,110,3 2897,68,1390,113,3 2884,77,1022,82,3 
DJI_0185.JPG 2615,33,144,30,3 1553,73,913,109,3 1622,50,1006,63,3 1661,113,944,93,3 1829,84,908,74,3 1851,77,1275,112,3 
DJI_0186.JPG 2549,31,62,33,3 1557,45,935,59,3 1588,115,873,94,3 1483,77,835,113,3 1764,83,837,74,3 1789,85,1204,109,3 
DJI_0187.JPG 2914,54,238,58,3 2868,45,256,64,3 2938,49,289,53,3 2861,92,293,82,3 2996,45,285,46,3 2940,108,312,98,3 2814,50,128,52,3 2661,28,805,34,3 1896,86,1974,120,3 1659,54,1694,64,3 1696,105,1638,96,3 1589,77,1602,107,3 1870,82,1591,69,3 
DJI_0188.JPG 790,56,808,59,3 844,104,973,72,3 839,50,936,68,3 892,63,915,72,3 981,49,970,61,3 928,106,1003,89,3 620,34,1512,36,3 2398,70,1965,67,4 2421,166,1768,173,3 
DJI_0189.JPG 1603,74,368,83,3 1672,104,341,42,4 1615,96,288,61,4 1647,82,238,41,4 1723,73,271,84,4 2642,46,226,52,3 2344,114,328,54,4 2369,99,388,75,3 2404,49,287,30,3 2543,45,662,68,2 2515,43,630,68,2 2469,69,722,44,2 2507,63,671,106,4 2394,87,665,34,4 2675,89,461,80,4 2561,83,749,93,3 2811,56,993,121,4 
DJI_0190.JPG 2894,46,955,52,3 2581,121,1066,61,4 2614,93,1131,72,3 2648,45,1024,31,3 2925,84,1202,78,4 3061,56,1748,121,4 2723,67,1472,36,2 2757,61,1419,105,4 2790,45,1408,72,2 2763,41,1374,70,2 2641,90,1411,34,4 2808,91,1496,90,3 1837,77,1110,79,3 1906,100,1086,40,4 1848,94,1033,61,4 1956,71,1013,82,4 1879,78,982,41,4 
DJI_0191.JPG 378,78,755,76,3 442,102,729,46,4 382,96,675,64,4 417,82,620,46,4 492,74,655,94,4 1462,48,608,50,3 1207,47,675,34,3 1163,99,780,80,3 1276,69,1127,43,2 1354,47,1064,71,2 1323,43,1032,69,2 1138,116,716,59,4 1494,84,862,76,4 1313,62,1076,112,4 1197,89,1066,35,4 1363,93,1156,104,3 1627,49,1411,123,4 
DJI_0192.JPG 1707,116,1792,47,4 2900,44,781,77,2 2909,36,1244,75,2 2795,61,1697,129,4 2776,106,782,60,4 2434,73,1401,48,2 2626,51,863,53,3 2524,102,1430,103,3 2363,51,933,35,3 2378,83,1128,103,3 1380,94,1330,66,3 2241,36,1414,95,4 2010,84,1554,46,4 1830,41,1102,101,4 1684,103,1214,48,4 1730,121,351,81,4 
DJI_0194.JPG 880,112,1532,130,3 1020,51,940,55,3 729,58,1005,43,3 752,89,1208,107,3 151,46,1173,124,4 806,73,1500,45,2 1316,38,865,80,2 1312,28,1346,85,2 587,38,1509,116,4 0,116,1903,57,4 343,89,1654,57,4 3,116,1292,48,4 1189,112,858,59,4 70,130,389,93,4 1174,67,1811,144,4 2530,84,1085,115,4 
DJI_0195.JPG 3815,79,877,110,4 2153,72,1272,50,2 2518,49,1470,132,4 2515,106,650,59,4 2641,49,644,78,2 2644,34,1123,77,2 1538,38,956,109,4 1386,110,1066,54,4 1937,35,1183,107,4 1720,84,1421,51,4 1359,118,1651,49,4 2083,47,800,38,3 2224,56,694,56,3 2238,101,1307,112,3 1744,106,912,83,3 91,79,772,99,3 
DJI_0196.JPG 3585,45,552,80,2 3177,49,602,57,3 3448,64,1217,133,4 3593,33,1029,82,2 2354,108,976,51,4 2504,44,862,112,4 3042,50,701,36,3 3121,70,1180,48,2 2907,35,1063,100,4 2712,103,819,77,3 3211,105,1208,98,3 2692,87,1329,51,4 1993,95,1412,75,4 1057,76,656,94,3 3466,109,555,58,4 2118,130,6,55,4 
DJI_0199.JPG 825,65,1528,65,4 819,160,1323,179,3 
DJI_0200.JPG 3100,76,1039,48,2 3574,39,874,82,2 3556,48,398,86,2 3433,117,393,69,4 3371,115,885,90,4 2892,42,1009,100,4 3196,99,1068,98,3 3148,55,453,57,3 3016,53,559,37,3 2662,88,1201,57,4 2510,91,703,100,3 2464,30,750,83,4 2321,111,854,54,4 1361,86,668,99,4 1004,72,562,94,3 
DJI_0201.JPG 3799,39,2100,83,2 3785,47,1624,81,2 3243,55,1790,39,3 3373,57,1682,62,3 3665,110,1630,57,4 3596,122,2115,89,4 2572,110,2095,46,4 2708,40,1989,115,4 2531,62,2038,99,3 1267,73,1826,94,3 1614,83,1921,98,4 2333,133,1120,52,4 3257,96,548,102,4 
DJI_0202.JPG 2665,59,982,95,3 2703,108,1039,47,4 2846,38,941,112,4 3033,90,1385,51,4 3250,44,1198,105,4 3794,105,605,62,4 3380,53,754,37,3 3509,55,652,58,3 3722,115,1083,93,4 3460,75,1231,45,2 3921,37,1074,79,2 3920,47,602,79,2 2483,136,63,55,4 1761,83,851,95,4 1414,68,750,94,3 
DJI_0203.JPG 38,137,0,68,4 1886,16,1788,36,3 655,90,1436,56,4 250,62,995,109,3 285,117,1054,53,4 447,42,945,125,4 1668,51,586,79,2 1525,118,583,59,4 1048,55,747,44,3 1210,59,635,58,3 903,46,1230,109,4 1134,83,1266,54,2 1227,109,1302,128,3 1435,122,1106,100,4 1676,40,1096,76,2 
DJI_0204.JPG 2088,57,1450,43,3 2230,58,1341,62,3 2272,116,1982,118,3 2669,48,1286,81,2 2682,45,1775,81,2 2181,84,1955,45,2 2534,111,1285,61,4 2460,125,1792,96,4 1959,48,1925,103,4 1727,95,2126,50,4 2112,100,158,100,4 1131,141,749,54,4 1333,56,1715,104,3 1372,117,1769,48,4 1528,48,1655,114,4 353,89,1588,106,4 0,76,1488,81,3 
DJI_0205.JPG 3340,48,734,73,2 2816,49,887,34,3 2942,55,786,57,3 3219,108,737,63,4 3150,112,1198,87,4 2980,92,1384,97,3 3349,41,1186,80,2 2892,74,1347,49,2 2690,42,1317,99,4 2483,88,1495,46,4 2294,36,1074,106,4 1937,134,230,50,4 2126,59,1115,85,3 2160,102,1170,43,4 1242,82,995,96,4 906,72,904,87,3 
DJI_0206.JPG 3149,98,224,98,4 3132,53,1433,34,3 3256,53,1329,61,3 3540,109,1276,57,4 3471,118,1746,91,4 3304,100,1936,98,3 3668,39,1736,77,2 3657,48,1276,75,2 3214,76,1897,48,2 3010,41,1870,97,4 2439,57,1668,94,3 2801,87,2053,45,4 2473,111,1719,50,4 2612,33,1624,109,4 2250,132,777,51,4 1553,84,1547,96,4 1216,76,1454,90,3 
DJI_0207.JPG 2655,106,2111,48,3 2591,87,2142,61,3 2686,118,2095,102,3 2663,64,2061,60,3 2565,116,2048,102,3 2691,43,2012,42,3 2765,60,2049,56,3 2849,52,2156,43,3 2917,53,2102,39,3 1900,151,2075,106,3 2226,97,1744,114,3 
DJI_0208.JPG 2843,71,1546,58,3 2781,80,1562,74,3 2852,60,1489,52,3 2764,103,1481,97,3 2840,49,1632,47,3 2912,52,1515,62,3 2882,84,1551,94,3 2950,58,1472,57,3 2881,42,1441,40,3 3018,42,1659,40,3 3031,48,1584,46,3 3095,54,1528,41,3 2435,89,1180,112,3 2125,109,1533,89,3 
DJI_0209.JPG 2836,82,2151,89,3 2654,57,2149,69,2 2943,36,1837,77,2 2535,79,2066,63,3 2612,57,1202,65,3 3001,52,1160,71,2 2873,53,1260,107,4 2670,43,1264,101,4 2492,48,1301,31,3 3139,106,1730,54,4 2163,82,1879,47,4 2229,92,1532,30,4 2530,89,162,92,4 1668,129,665,47,4 1443,96,1327,62,3 987,79,1387,89,4 667,66,1293,88,3 
DJI_0211.JPG 3512,64,1344,66,3 3802,82,1417,90,3 3630,62,1410,65,2 3897,35,1116,79,2 3941,42,468,59,2 3825,48,560,102,4 3641,39,561,88,4 3580,50,509,55,3 3464,48,600,34,3 3161,81,1158,45,4 3214,89,826,32,4 2662,115,0,45,4 2456,95,633,69,3 2156,92,200,102,3 1533,22,0,36,3 2034,77,691,86,4 1731,71,600,82,3 1511,38,777,77,4 
DJI_0234.JPG 2343,86,120,49,3 1133,22,720,19,3 1851,49,1220,50,2 1813,63,1006,41,4 1229,11,1415,25,3 2943,40,926,46,3 2961,39,915,43,3 2984,59,868,58,3 2938,115,812,81,3 2940,82,766,58,3 2909,37,797,32,3 3008,36,947,34,3 2889,98,951,103,3 3017,47,995,45,3 3014,23,1166,25,3 3006,52,1147,17,3 3039,26,1153,48,3 2661,35,645,49,3 2591,42,659,44,3 2564,98,1408,68,4 2379,83,1311,56,4 2036,80,1346,54,4 2262,98,1436,27,4 2435,72,1632,38,4 2290,36,1751,79,4 2077,50,1813,85,4 1989,32,1849,95,4 1996,61,2148,39,2 1768,59,1401,49,2 1386,31,1742,45,3 1363,88,1814,81,3 1285,51,1913,58,3 1141,15,2209,19,3 
DJI_0236.JPG 2306,66,311,88,3 2197,42,276,36,3 2087,70,46,86,3 2096,87,84,113,3 2042,94,112,85,3 1990,98,113,74,3 2052,39,347,53,3 1975,48,362,49,3 1388,90,1130,58,4 1124,75,758,45,4 360,31,466,19,3 1164,55,998,68,2 1085,64,1198,54,2 415,18,2094,20,3 670,38,1573,55,3 650,92,1656,87,3 568,54,1766,61,3 1441,48,1635,93,4 1340,35,1679,98,4 1355,66,2006,42,2 1904,93,1385,99,3 1963,121,1305,109,3 1935,133,1435,124,3 1914,51,1282,67,3 1832,76,1429,39,4 1968,100,1184,71,4 1670,40,1561,85,4 1639,103,1223,31,4 1767,86,1085,58,4 1963,44,1042,48,3 1904,69,843,76,3 1778,102,753,85,3 1985,50,934,50,3 2447,40,672,37,3 2447,51,892,17,3 2454,52,723,49,3 2453,27,906,26,3 2480,26,894,54,3 
DJI_0237.JPG 2205,72,688,74,3 2264,87,644,92,3 2241,56,614,80,3 2152,97,679,75,3 2620,23,1440,25,3 1844,112,1320,107,3 2609,56,1418,23,3 2610,55,1256,56,3 2599,41,1204,47,3 2353,37,835,43,3 2458,66,864,89,3 2642,28,1423,60,3 2074,77,1096,76,3 2213,41,905,53,3 2137,42,926,50,3 1863,81,702,72,3 2088,92,1944,86,3 2039,87,1905,85,3 2096,65,1799,61,3 2127,129,1847,133,3 2125,133,1990,123,3 2357,33,1933,41,3 2135,48,1578,52,3 2160,50,1475,53,3 2077,72,1387,75,3 2143,110,1721,78,4 1957,111,1346,50,4 1948,94,1629,55,4 2020,77,1977,42,4 1574,84,1691,60,4 1820,111,1771,39,4 1864,44,2110,88,4 1578,18,2232,76,4 1639,50,2186,94,4 1473,36,2145,78,2 1334,62,1943,56,2 1316,80,1328,47,4 561,27,1061,18,3 
DJI_0238.JPG 580,29,693,22,3 714,14,1406,32,3 2153,79,335,73,3 2191,63,270,80,3 2210,86,303,98,3 2103,91,333,74,3 1832,88,343,64,3 2302,40,480,35,3 2090,47,569,52,3 2166,39,553,50,3 2404,62,512,83,3 2551,27,1065,23,3 1303,67,956,43,4 2545,54,1048,19,3 2537,33,847,41,3 2545,49,892,51,3 2569,26,1051,60,3 2073,34,1014,29,3 2034,64,1020,72,3 1918,107,976,48,4 1806,105,954,107,3 2031,87,724,71,3 2112,48,1102,48,3 2076,124,1449,127,3 2042,75,1541,88,3 1995,80,1504,81,3 2291,30,1533,47,3 2074,137,1576,117,3 2092,43,1200,45,3 2047,64,1400,59,3 1909,82,1246,57,4 2094,98,1333,74,4 1552,81,1299,60,4 1979,70,1571,38,4 1792,100,1378,33,4 1833,38,1696,76,4 1783,54,1854,50,3 1607,50,1772,94,4 1524,36,1811,96,4 1325,57,1536,52,2 1461,28,1731,69,2 1544,63,2121,37,2 
DJI_0239.JPG 3374,56,2194,74,2 3981,58,1920,19,4 3853,111,2026,51,4 3862,108,1576,113,3 3613,94,1940,62,4 3347,74,1583,49,4 3106,92,1705,69,3 2610,26,1321,18,3 2846,51,611,41,3 2603,102,1106,89,3 2665,63,653,81,3 2865,85,480,88,3 3146,101,698,91,3 3294,43,341,52,3 3173,103,347,77,3 3049,54,106,54,3 
DJI_0240.JPG 3926,91,2156,74,3 3962,78,2076,38,3 3867,48,2202,50,3 2455,32,1301,24,3 3881,81,2131,105,3 3935,68,2018,65,3 3398,39,1448,49,3 3313,52,1467,45,3 3206,63,2162,66,2 3432,91,1915,70,4 3257,82,1903,70,3 2940,82,1689,65,3 3183,74,1566,46,4 3796,89,1860,66,4 3675,103,2001,49,4 3680,104,1562,113,3 3051,77,441,100,4 3135,42,344,53,3 3007,92,349,76,3 2985,94,689,94,3 2682,51,605,53,3 2885,51,110,63,3 2706,92,473,89,3 2520,60,651,67,3 1596,103,1068,66,3 
DJI_0241.JPG 3048,99,1705,81,3 2741,49,1627,44,3 2756,91,1491,92,3 2873,90,1278,60,4 3068,91,1365,74,3 3107,75,1457,99,4 3195,44,1359,47,3 3241,43,2207,93,4 2945,58,1126,56,3 2573,65,1673,70,3 821,100,1661,110,3 
DJI_0242.JPG 2937,83,2001,92,4 2603,65,2185,67,4 3032,88,1521,115,4 2960,103,1792,101,3 3131,46,1413,47,3 2992,98,1425,85,3 2633,51,1702,50,3 2662,98,1544,89,3 2092,53,1679,69,3 2672,100,1346,53,4 2784,95,1330,65,4 2862,52,1164,59,3 
DJI_0243.JPG 3409,136,1603,126,3 3396,47,1623,46,3 3788,72,2025,40,4 3518,76,1643,61,4 3726,121,1667,127,3 3427,42,1543,47,3 3449,91,1719,106,3 3629,51,2093,62,3 3062,85,1922,71,3 2839,148,1579,117,3 2919,93,1791,70,3 3187,79,1665,49,4 2797,54,1521,57,3 2748,61,1508,59,2 2396,31,1361,17,3 2718,54,1375,33,3 2288,111,1150,37,4 2624,90,1084,66,4 3080,56,1253,57,3 2414,155,998,135,3 2965,80,906,91,4 3165,48,329,48,3 3024,106,330,84,3 2663,53,605,51,3 2690,96,449,94,3 3070,90,427,103,4 2817,93,237,64,4 2697,98,244,59,4 2896,57,63,60,3 2458,81,114,107,3 
DJI_0244.JPG 2700,97,372,94,3 2712,98,167,56,4 2829,91,156,65,4 2906,39,0,61,3 3038,103,254,84,3 3176,47,252,50,3 3084,83,355,107,4 3091,53,1178,57,3 3744,122,1588,124,3 3951,46,1921,49,4 3781,85,1928,37,4 3528,75,1570,62,4 3441,38,1469,46,3 3405,42,1554,56,3 3200,75,1591,47,4 2919,96,1707,59,3 2834,85,1809,79,3 2758,68,1809,64,3 2749,63,1442,60,2 2978,79,833,90,4 2677,61,526,48,3 2640,91,1006,59,4 2730,56,1298,30,3 2681,47,1310,46,3 2958,105,1216,108,3 2773,134,958,158,3 2407,31,1284,17,3 2294,111,1075,36,4 2198,140,959,129,3 1817,179,254,135,3 
DJI_0245.JPG 3754,84,1905,42,4 3720,123,1565,124,3 3016,105,229,81,3 3154,50,227,47,3 3057,86,329,112,4 2792,94,125,72,4 2678,98,346,92,3 2686,99,138,59,4 2659,55,500,43,3 3609,46,1022,50,3 3409,40,1443,49,3 3506,76,1544,61,4 3351,77,1330,116,4 3378,45,1528,58,3 3068,58,1152,57,3 2958,76,806,88,4 2612,91,980,62,4 2930,102,1186,104,3 3176,81,1562,47,4 2722,63,1416,67,2 2381,29,1261,18,3 2559,52,1221,55,3 2566,91,1371,60,3 3191,28,2222,42,2 2181,65,1566,94,3 1892,64,1406,62,3 2115,71,947,103,4 1997,184,289,171,3 1200,155,212,113,3 
DJI_0246.JPG 2869,19,0,46,3 3714,119,1571,126,3 3750,81,1913,37,4 2507,13,2067,33,3 3184,22,2228,38,2 2645,56,504,48,3 2672,93,348,90,3 2782,90,124,71,4 2680,100,142,60,4 3146,46,229,51,3 3009,105,233,81,3 3053,82,335,107,4 3603,48,1025,51,3 3497,78,1550,65,4 3172,79,1571,44,4 3369,48,1532,60,3 3404,45,1448,50,3 3277,79,1219,109,4 2946,77,809,90,4 3057,60,1155,62,3 2923,114,1185,100,3 2715,60,1421,63,2 2370,33,1264,22,3 2548,52,1228,54,3 2606,87,988,62,4 2289,63,1078,87,3 2021,59,762,124,4 1712,88,1201,83,3 812,85,923,85,3 
DJI_0247.JPG 3088,49,204,56,3 2612,89,326,97,3 2957,105,209,79,3 2729,102,97,75,4 2625,95,119,59,4 2999,84,308,110,4 3545,44,1001,55,3 3221,92,1176,101,4 3350,42,1422,50,3 3318,49,1504,59,3 3441,81,1519,66,4 3660,124,1541,124,3 3692,89,1883,43,4 3129,48,2202,56,2 3009,55,1132,58,3 3115,83,1540,44,4 2866,109,1160,109,3 2891,81,780,94,4 2590,66,474,49,3 2554,91,958,60,4 2494,56,1196,58,3 2661,62,1392,65,2 2314,33,1235,24,3 1931,50,513,116,4 1646,55,377,60,3 743,81,282,84,3 
DJI_0248.JPG 2151,114,1903,139,3 2765,70,1098,73,3 3131,153,1019,131,3 
DJI_0249.JPG 1430,71,863,88,3 468,82,2168,177,3 3182,51,2199,273,3 3716,100,0,195,3 3397,70,789,119,3 1806,154,780,125,3 
DJI_0250.JPG 1264,75,793,82,3 3517,34,0,184,3 3209,74,716,101,3 1643,141,720,104,3 
DJI_0251.JPG 3653,125,424,150,3 713,96,1,151,3 
DJI_0252.JPG 3254,128,1527,148,3 722,74,708,118,3 
DJI_0253.JPG 2993,124,2083,173,3 547,91,1090,104,3 
DJI_0254.JPG 281,90,1324,107,3 
DJI_0255.JPG 3837,79,2143,89,4 2406,81,1379,72,3 3108,90,1897,74,3 1953,63,1982,104,3 2250,167,1538,187,3 2746,96,715,115,3 
DJI_0256.JPG 3621,74,952,86,4 2930,81,712,48,3 2397,68,550,69,3 1798,55,786,88,3 2299,142,1329,159,3 
DJI_0257.JPG 1873,56,527,79,3 2470,54,290,69,3 2981,76,461,52,3 3672,69,703,82,4 2403,121,1196,160,3 
DJI_0258.JPG 99,71,230,94,4 1101,96,129,67,3 889,78,45,72,4 787,83,240,95,3 800,83,61,60,4 773,47,380,49,3 1222,47,125,50,3 1134,73,219,96,4 1040,70,635,79,4 732,84,791,61,4 824,47,1045,20,3 620,26,1045,19,3 683,50,1000,51,3 1147,50,935,48,3 1022,98,964,96,3 832,51,1170,63,2 1338,77,977,93,4 1236,67,1292,39,4 1458,35,1182,38,3 1423,39,1255,55,3 1529,63,1267,67,4 1247,61,1861,52,2 1752,74,1569,33,4 1729,103,1276,109,3 2218,35,824,41,3 2303,64,838,80,3 2451,39,1168,38,3 2464,22,1389,23,3 2454,48,1216,52,3 2454,51,1370,19,3 2484,24,1375,54,3 
DJI_0259.JPG 1957,40,672,41,3 2046,66,686,79,3 401,11,1583,29,3 508,49,224,48,3 518,87,85,93,3 943,20,0,50,3 830,72,2,71,3 863,74,69,98,4 777,68,482,77,4 1366,49,655,44,3 1075,79,823,88,4 976,66,1138,47,4 882,49,781,54,3 573,51,1016,62,2 762,96,811,94,3 468,82,638,62,4 426,43,853,51,3 355,30,889,22,3 999,57,1705,51,2 1195,35,1028,39,3 1163,39,1101,52,3 1269,68,1112,67,4 1498,78,1415,31,4 1474,103,1126,108,3 2193,34,1021,36,3 2196,44,1069,49,3 2225,24,1221,53,3 2206,24,1235,25,3 2199,51,1219,16,3 
DJI_0260.JPG 3271,39,550,32,3 3355,65,566,84,3 3525,27,1117,30,3 3501,43,900,41,3 3514,55,945,57,3 3519,55,1100,13,3 3546,23,1106,51,3 2523,39,921,38,3 2601,65,1005,62,4 2313,66,1034,42,4 2402,83,714,88,4 1916,50,918,60,2 2090,95,710,95,3 1697,28,793,26,3 1770,46,752,47,3 2799,100,1017,112,3 2493,38,994,52,3 2213,51,677,47,3 2686,43,545,42,3 3098,25,14,24,3 2193,31,0,83,4 1809,82,538,54,4 2105,63,380,75,4 1832,49,123,41,3 1845,68,0,87,3 1166,60,0,105,4 829,173,1091,168,3 1757,17,1476,30,3 2832,73,1311,35,4 2348,60,1600,52,2 2581,63,2169,35,2 
DJI_0261.JPG 3329,168,361,161,3 Annotations: 899